Datetime,Open,High,Low,Close,Volume,Dividends,Stock Splits
2021-06-08 10:08:00-03:00,36.400001525878906,36.43000030517578,36.36000061035156,36.38999938964844,0,0,0
2021-06-08 10:09:00-03:00,36.369998931884766,36.369998931884766,36.27000045776367,36.31999969482422,50700,0,0
2021-06-08 10:10:00-03:00,36.29999923706055,36.349998474121094,36.290000915527344,36.31999969482422,36200,0,0
2021-06-08 10:11:00-03:00,36.31999969482422,36.380001068115234,36.27000045776367,36.290000915527344,77400,0,0
2021-06-08 10:12:00-03:00,36.290000915527344,36.290000915527344,36.15999984741211,36.20000076293945,64200,0,0
2021-06-08 10:13:00-03:00,36.189998626708984,36.220001220703125,36.18000030517578,36.209999084472656,51500,0,0
2021-06-08 10:14:00-03:00,36.209999084472656,36.22999954223633,36.11000061035156,36.13999938964844,110000,0,0
2021-06-08 10:15:00-03:00,36.13999938964844,36.150001525878906,35.95000076293945,36.08000183105469,191800,0,0
2021-06-08 10:16:00-03:00,36.04999923706055,36.189998626708984,36.04999923706055,36.18000030517578,834700,0,0
2021-06-08 10:17:00-03:00,36.18000030517578,36.209999084472656,36.13999938964844,36.15999984741211,34900,0,0
2021-06-08 10:18:00-03:00,36.15999984741211,36.22999954223633,36.119998931884766,36.22999954223633,35800,0,0
2021-06-08 10:19:00-03:00,36.220001220703125,36.22999954223633,36.18000030517578,36.220001220703125,30300,0,0
2021-06-08 10:20:00-03:00,36.22999954223633,36.29999923706055,36.209999084472656,36.2400016784668,70600,0,0
2021-06-08 10:21:00-03:00,36.220001220703125,36.279998779296875,36.20000076293945,36.22999954223633,167400,0,0
2021-06-08 10:22:00-03:00,36.220001220703125,36.279998779296875,36.220001220703125,36.279998779296875,37200,0,0
2021-06-08 10:23:00-03:00,36.29999923706055,36.29999923706055,36.25,36.2599983215332,37700,0,0
2021-06-08 10:24:00-03:00,36.2599983215332,36.27000045776367,36.20000076293945,36.220001220703125,25500,0,0
2021-06-08 10:25:00-03:00,36.20000076293945,36.209999084472656,36.06999969482422,36.06999969482422,188700,0,0
2021-06-08 10:26:00-03:00,36.06999969482422,36.099998474121094,36.029998779296875,36.040000915527344,57700,0,0
2021-06-08 10:27:00-03:00,36.04999923706055,36.04999923706055,36.0,36.02000045776367,708800,0,0
2021-06-08 10:28:00-03:00,36.02000045776367,36.060001373291016,35.970001220703125,36.0,125500,0,0
2021-06-08 10:29:00-03:00,35.970001220703125,36.0,35.93000030517578,35.970001220703125,111500,0,0
2021-06-08 10:30:00-03:00,35.959999084472656,36.0,35.95000076293945,35.970001220703125,101600,0,0
2021-06-08 10:31:00-03:00,35.970001220703125,36.0,35.93000030517578,35.9900016784668,63600,0,0
2021-06-08 10:32:00-03:00,35.97999954223633,36.0099983215332,35.959999084472656,35.97999954223633,59300,0,0
2021-06-08 10:33:00-03:00,35.97999954223633,36.029998779296875,35.970001220703125,36.0,62000,0,0
2021-06-08 10:34:00-03:00,36.0,36.029998779296875,35.9900016784668,36.0099983215332,30400,0,0
2021-06-08 10:35:00-03:00,36.02000045776367,36.08000183105469,36.02000045776367,36.06999969482422,50700,0,0
2021-06-08 10:36:00-03:00,36.08000183105469,36.08000183105469,36.0099983215332,36.02000045776367,42900,0,0
2021-06-08 10:37:00-03:00,36.02000045776367,36.06999969482422,36.0,36.060001373291016,22300,0,0
2021-06-08 10:38:00-03:00,36.060001373291016,36.06999969482422,36.029998779296875,36.04999923706055,37700,0,0
2021-06-08 10:39:00-03:00,36.040000915527344,36.060001373291016,36.02000045776367,36.04999923706055,32400,0,0
2021-06-08 10:40:00-03:00,36.04999923706055,36.06999969482422,36.029998779296875,36.04999923706055,39000,0,0
2021-06-08 10:41:00-03:00,36.04999923706055,36.04999923706055,36.02000045776367,36.040000915527344,13900,0,0
2021-06-08 10:42:00-03:00,36.040000915527344,36.040000915527344,36.0099983215332,36.02000045776367,19600,0,0
2021-06-08 10:43:00-03:00,36.029998779296875,36.04999923706055,36.0,36.04999923706055,50000,0,0
2021-06-08 10:44:00-03:00,36.04999923706055,36.06999969482422,36.02000045776367,36.06999969482422,32000,0,0
2021-06-08 10:45:00-03:00,36.060001373291016,36.06999969482422,36.0099983215332,36.029998779296875,55500,0,0
2021-06-08 10:46:00-03:00,36.02000045776367,36.02000045776367,35.970001220703125,35.97999954223633,83800,0,0
2021-06-08 10:47:00-03:00,35.970001220703125,35.9900016784668,35.93000030517578,35.939998626708984,192600,0,0
2021-06-08 10:48:00-03:00,35.95000076293945,35.970001220703125,35.93000030517578,35.970001220703125,15700,0,0
2021-06-08 10:49:00-03:00,35.959999084472656,36.0099983215332,35.959999084472656,35.9900016784668,41100,0,0
2021-06-08 10:50:00-03:00,36.0,36.02000045776367,35.95000076293945,35.970001220703125,42200,0,0
2021-06-08 10:51:00-03:00,35.97999954223633,35.9900016784668,35.95000076293945,35.97999954223633,37300,0,0
2021-06-08 10:52:00-03:00,35.97999954223633,35.9900016784668,35.939998626708984,35.939998626708984,27200,0,0
2021-06-08 10:53:00-03:00,35.939998626708984,35.970001220703125,35.939998626708984,35.959999084472656,58500,0,0
2021-06-08 10:54:00-03:00,35.95000076293945,35.970001220703125,35.849998474121094,35.849998474121094,251200,0,0
2021-06-08 10:55:00-03:00,35.869998931884766,35.880001068115234,35.790000915527344,35.79999923706055,96400,0,0
2021-06-08 10:56:00-03:00,35.79999923706055,35.900001525878906,35.77000045776367,35.849998474121094,103600,0,0
2021-06-08 10:57:00-03:00,35.83000183105469,35.849998474121094,35.810001373291016,35.83000183105469,29400,0,0
2021-06-08 10:58:00-03:00,35.81999969482422,35.86000061035156,35.81999969482422,35.86000061035156,22100,0,0
2021-06-08 10:59:00-03:00,35.86000061035156,35.95000076293945,35.849998474121094,35.95000076293945,117500,0,0
2021-06-08 11:00:00-03:00,35.95000076293945,35.9900016784668,35.939998626708984,35.970001220703125,38500,0,0
2021-06-08 11:01:00-03:00,35.959999084472656,36.06999969482422,35.95000076293945,36.06999969482422,289300,0,0
2021-06-08 11:02:00-03:00,36.04999923706055,36.06999969482422,36.0099983215332,36.02000045776367,44400,0,0
2021-06-08 11:03:00-03:00,36.029998779296875,36.08000183105469,36.02000045776367,36.040000915527344,89400,0,0
2021-06-08 11:04:00-03:00,36.040000915527344,36.099998474121094,36.029998779296875,36.029998779296875,94400,0,0
2021-06-08 11:05:00-03:00,36.060001373291016,36.060001373291016,36.0,36.040000915527344,44300,0,0
2021-06-08 11:06:00-03:00,36.04999923706055,36.060001373291016,36.02000045776367,36.02000045776367,24200,0,0
2021-06-08 11:07:00-03:00,36.029998779296875,36.029998779296875,35.959999084472656,35.970001220703125,46200,0,0
2021-06-08 11:08:00-03:00,35.959999084472656,35.9900016784668,35.95000076293945,35.9900016784668,59200,0,0
2021-06-08 11:09:00-03:00,35.97999954223633,36.02000045776367,35.97999954223633,36.0,14900,0,0
2021-06-08 11:10:00-03:00,36.0099983215332,36.040000915527344,35.97999954223633,35.9900016784668,46400,0,0
2021-06-08 11:11:00-03:00,36.0,36.0,35.95000076293945,35.970001220703125,41300,0,0
2021-06-08 11:12:00-03:00,35.959999084472656,35.970001220703125,35.93000030517578,35.939998626708984,27100,0,0
2021-06-08 11:13:00-03:00,35.95000076293945,35.95000076293945,35.900001525878906,35.900001525878906,61000,0,0
2021-06-08 11:14:00-03:00,35.90999984741211,35.939998626708984,35.88999938964844,35.93000030517578,38600,0,0
2021-06-08 11:15:00-03:00,35.95000076293945,35.970001220703125,35.93000030517578,35.939998626708984,20800,0,0
2021-06-08 11:16:00-03:00,35.93000030517578,35.939998626708984,35.91999816894531,35.91999816894531,39900,0,0
2021-06-08 11:17:00-03:00,35.91999816894531,35.970001220703125,35.90999984741211,35.959999084472656,33800,0,0
2021-06-08 11:18:00-03:00,35.970001220703125,36.0099983215332,35.959999084472656,36.0,38800,0,0
2021-06-08 11:19:00-03:00,36.0,36.02000045776367,35.959999084472656,35.959999084472656,37100,0,0
2021-06-08 11:20:00-03:00,35.970001220703125,36.0,35.970001220703125,36.0,33200,0,0
2021-06-08 11:21:00-03:00,36.0,36.029998779296875,36.0,36.0099983215332,17700,0,0
2021-06-08 11:22:00-03:00,36.0099983215332,36.04999923706055,35.9900016784668,36.0099983215332,91400,0,0
2021-06-08 11:23:00-03:00,36.0,36.0099983215332,35.9900016784668,35.9900016784668,14700,0,0
2021-06-08 11:24:00-03:00,35.9900016784668,36.0,35.97999954223633,35.97999954223633,12400,0,0
2021-06-08 11:25:00-03:00,35.97999954223633,35.9900016784668,35.90999984741211,35.959999084472656,79700,0,0
2021-06-08 11:26:00-03:00,35.959999084472656,35.970001220703125,35.93000030517578,35.93000030517578,40900,0,0
2021-06-08 11:27:00-03:00,35.939998626708984,35.959999084472656,35.93000030517578,35.939998626708984,18000,0,0
2021-06-08 11:28:00-03:00,35.95000076293945,35.95000076293945,35.939998626708984,35.939998626708984,13900,0,0
2021-06-08 11:29:00-03:00,35.95000076293945,35.959999084472656,35.95000076293945,35.95000076293945,21100,0,0
2021-06-08 11:30:00-03:00,35.939998626708984,35.970001220703125,35.939998626708984,35.959999084472656,43400,0,0
2021-06-08 11:31:00-03:00,35.959999084472656,35.97999954223633,35.959999084472656,35.97999954223633,16100,0,0
2021-06-08 11:32:00-03:00,35.97999954223633,35.9900016784668,35.959999084472656,35.959999084472656,53300,0,0
2021-06-08 11:33:00-03:00,35.970001220703125,35.970001220703125,35.95000076293945,35.959999084472656,29000,0,0
2021-06-08 11:34:00-03:00,35.959999084472656,35.970001220703125,35.95000076293945,35.95000076293945,35700,0,0
2021-06-08 11:35:00-03:00,35.959999084472656,35.959999084472656,35.939998626708984,35.95000076293945,55900,0,0
2021-06-08 11:36:00-03:00,35.95000076293945,35.95000076293945,35.939998626708984,35.95000076293945,14000,0,0
2021-06-08 11:37:00-03:00,35.939998626708984,35.939998626708984,35.869998931884766,35.900001525878906,118900,0,0
2021-06-08 11:38:00-03:00,35.900001525878906,35.91999816894531,35.88999938964844,35.90999984741211,33700,0,0
2021-06-08 11:39:00-03:00,35.90999984741211,35.91999816894531,35.90999984741211,35.91999816894531,5800,0,0
2021-06-08 11:40:00-03:00,35.91999816894531,35.93000030517578,35.90999984741211,35.93000030517578,12100,0,0
2021-06-08 11:41:00-03:00,35.91999816894531,35.93000030517578,35.91999816894531,35.91999816894531,22500,0,0
2021-06-08 11:42:00-03:00,35.93000030517578,35.93000030517578,35.90999984741211,35.93000030517578,25200,0,0
2021-06-08 11:43:00-03:00,35.93000030517578,35.95000076293945,35.91999816894531,35.95000076293945,34900,0,0
2021-06-08 11:44:00-03:00,35.95000076293945,35.97999954223633,35.93000030517578,35.97999954223633,33100,0,0
2021-06-08 11:45:00-03:00,35.97999954223633,36.0,35.959999084472656,35.9900016784668,39900,0,0
2021-06-08 11:46:00-03:00,36.0,36.02000045776367,36.0,36.02000045776367,76100,0,0
2021-06-08 11:47:00-03:00,36.0099983215332,36.02000045776367,35.95000076293945,35.959999084472656,74500,0,0
2021-06-08 11:48:00-03:00,35.970001220703125,35.97999954223633,35.95000076293945,35.97999954223633,18900,0,0
2021-06-08 11:49:00-03:00,35.97999954223633,35.9900016784668,35.97999954223633,35.9900016784668,7200,0,0
2021-06-08 11:50:00-03:00,35.97999954223633,36.029998779296875,35.97999954223633,36.029998779296875,43500,0,0
2021-06-08 11:51:00-03:00,36.029998779296875,36.029998779296875,36.02000045776367,36.029998779296875,10700,0,0
2021-06-08 11:52:00-03:00,36.02000045776367,36.040000915527344,36.02000045776367,36.040000915527344,20600,0,0
2021-06-08 11:53:00-03:00,36.040000915527344,36.060001373291016,36.029998779296875,36.060001373291016,31300,0,0
2021-06-08 11:54:00-03:00,36.04999923706055,36.06999969482422,36.04999923706055,36.060001373291016,24600,0,0
2021-06-08 11:55:00-03:00,36.04999923706055,36.060001373291016,36.0099983215332,36.029998779296875,36000,0,0
2021-06-08 11:56:00-03:00,36.029998779296875,36.029998779296875,36.0,36.029998779296875,21400,0,0
2021-06-08 11:57:00-03:00,36.029998779296875,36.029998779296875,36.02000045776367,36.02000045776367,12100,0,0
2021-06-08 11:58:00-03:00,36.02000045776367,36.029998779296875,36.0099983215332,36.02000045776367,15900,0,0
2021-06-08 11:59:00-03:00,36.0099983215332,36.0099983215332,36.0,36.0,24300,0,0
2021-06-08 12:00:00-03:00,36.0,36.0,35.9900016784668,36.0,15400,0,0
2021-06-08 12:01:00-03:00,36.0,36.0,35.97999954223633,35.9900016784668,15900,0,0
2021-06-08 12:02:00-03:00,35.9900016784668,35.9900016784668,35.91999816894531,35.91999816894531,67300,0,0
2021-06-08 12:03:00-03:00,35.91999816894531,35.939998626708984,35.90999984741211,35.91999816894531,48700,0,0
2021-06-08 12:04:00-03:00,35.93000030517578,35.959999084472656,35.93000030517578,35.959999084472656,17900,0,0
2021-06-08 12:05:00-03:00,35.959999084472656,35.970001220703125,35.939998626708984,35.970001220703125,15500,0,0
2021-06-08 12:06:00-03:00,35.959999084472656,35.97999954223633,35.95000076293945,35.959999084472656,11400,0,0
2021-06-08 12:07:00-03:00,35.970001220703125,35.970001220703125,35.959999084472656,35.959999084472656,10800,0,0
2021-06-08 12:08:00-03:00,35.970001220703125,35.97999954223633,35.959999084472656,35.97999954223633,11100,0,0
2021-06-08 12:09:00-03:00,35.970001220703125,35.9900016784668,35.970001220703125,35.97999954223633,14400,0,0
2021-06-08 12:10:00-03:00,35.97999954223633,35.97999954223633,35.91999816894531,35.93000030517578,61700,0,0
2021-06-08 12:11:00-03:00,35.91999816894531,35.93000030517578,35.900001525878906,35.900001525878906,40400,0,0
2021-06-08 12:12:00-03:00,35.90999984741211,35.939998626708984,35.90999984741211,35.939998626708984,25500,0,0
2021-06-08 12:13:00-03:00,35.939998626708984,35.939998626708984,35.93000030517578,35.93000030517578,0,0,0
2021-06-08 12:14:00-03:00,35.93000030517578,35.95000076293945,35.93000030517578,35.95000076293945,22600,0,0
2021-06-08 12:15:00-03:00,35.95000076293945,35.959999084472656,35.93000030517578,35.959999084472656,15900,0,0
2021-06-08 12:16:00-03:00,35.959999084472656,35.9900016784668,35.95000076293945,35.9900016784668,53600,0,0
2021-06-08 12:17:00-03:00,35.9900016784668,36.0,35.97999954223633,35.9900016784668,56000,0,0
2021-06-08 12:18:00-03:00,35.97999954223633,36.029998779296875,35.97999954223633,36.029998779296875,26900,0,0
2021-06-08 12:19:00-03:00,36.029998779296875,36.04999923706055,36.02000045776367,36.04999923706055,20000,0,0
2021-06-08 12:20:00-03:00,36.04999923706055,36.060001373291016,36.040000915527344,36.04999923706055,30000,0,0
2021-06-08 12:21:00-03:00,36.04999923706055,36.04999923706055,36.0099983215332,36.02000045776367,31600,0,0
2021-06-08 12:22:00-03:00,36.029998779296875,36.08000183105469,36.029998779296875,36.08000183105469,25600,0,0
2021-06-08 12:23:00-03:00,36.08000183105469,36.150001525878906,36.08000183105469,36.09000015258789,147000,0,0
2021-06-08 12:24:00-03:00,36.09000015258789,36.18000030517578,36.09000015258789,36.16999816894531,224100,0,0
2021-06-08 12:25:00-03:00,36.18000030517578,36.209999084472656,36.15999984741211,36.16999816894531,79200,0,0
2021-06-08 12:26:00-03:00,36.16999816894531,36.22999954223633,36.16999816894531,36.189998626708984,56000,0,0
2021-06-08 12:27:00-03:00,36.20000076293945,36.2400016784668,36.189998626708984,36.22999954223633,55400,0,0
2021-06-08 12:28:00-03:00,36.22999954223633,36.290000915527344,36.20000076293945,36.25,163800,0,0
2021-06-08 12:29:00-03:00,36.25,36.43000030517578,36.25,36.400001525878906,269000,0,0
2021-06-08 12:30:00-03:00,36.38999938964844,36.470001220703125,36.369998931884766,36.459999084472656,81200,0,0
2021-06-08 12:31:00-03:00,36.459999084472656,36.52000045776367,36.45000076293945,36.5099983215332,231100,0,0
2021-06-08 12:32:00-03:00,36.5,36.5099983215332,36.5,36.5,42500,0,0
2021-06-08 12:33:00-03:00,36.5,36.5099983215332,36.5,36.5,43500,0,0
2021-06-08 12:34:00-03:00,36.5,36.52000045776367,36.5,36.5,65400,0,0
2021-06-08 12:35:00-03:00,36.5,36.5099983215332,36.5,36.5,41300,0,0
2021-06-08 12:36:00-03:00,36.5,36.5099983215332,36.5,36.5,78600,0,0
2021-06-08 12:37:00-03:00,36.5,36.5099983215332,36.45000076293945,36.5,167400,0,0
2021-06-08 12:38:00-03:00,36.5,36.5099983215332,36.5,36.5099983215332,34200,0,0
2021-06-08 12:39:00-03:00,36.5099983215332,36.56999969482422,36.5,36.5099983215332,90400,0,0
2021-06-08 12:40:00-03:00,36.5099983215332,36.52000045776367,36.5,36.5,58400,0,0
2021-06-08 12:41:00-03:00,36.5,36.5099983215332,36.5,36.5099983215332,43900,0,0
2021-06-08 12:42:00-03:00,36.5,36.529998779296875,36.5,36.5,104500,0,0
2021-06-08 12:43:00-03:00,36.5099983215332,36.52000045776367,36.5,36.5,36500,0,0
2021-06-08 12:44:00-03:00,36.5,36.52000045776367,36.5,36.5,17200,0,0
2021-06-08 12:45:00-03:00,36.5,36.529998779296875,36.5,36.529998779296875,85500,0,0
2021-06-08 12:46:00-03:00,36.529998779296875,36.54999923706055,36.52000045776367,36.540000915527344,6500,0,0
2021-06-08 12:47:00-03:00,36.54999923706055,36.54999923706055,36.5099983215332,36.5099983215332,17600,0,0
2021-06-08 12:48:00-03:00,36.52000045776367,36.529998779296875,36.5099983215332,36.52000045776367,20400,0,0
2021-06-08 12:49:00-03:00,36.52000045776367,36.58000183105469,36.52000045776367,36.560001373291016,46600,0,0
2021-06-08 12:50:00-03:00,36.56999969482422,36.58000183105469,36.54999923706055,36.58000183105469,14200,0,0
2021-06-08 12:51:00-03:00,36.56999969482422,36.650001525878906,36.54999923706055,36.630001068115234,132700,0,0
2021-06-08 12:52:00-03:00,36.63999938964844,36.63999938964844,36.58000183105469,36.59000015258789,38700,0,0
2021-06-08 12:53:00-03:00,36.59000015258789,36.61000061035156,36.59000015258789,36.61000061035156,36400,0,0
2021-06-08 12:54:00-03:00,36.61000061035156,36.61000061035156,36.58000183105469,36.58000183105469,30500,0,0
2021-06-08 12:55:00-03:00,36.56999969482422,36.61000061035156,36.54999923706055,36.599998474121094,80600,0,0
2021-06-08 12:56:00-03:00,36.599998474121094,36.61000061035156,36.599998474121094,36.599998474121094,55900,0,0
2021-06-08 12:57:00-03:00,36.599998474121094,36.599998474121094,36.52000045776367,36.529998779296875,52900,0,0
2021-06-08 12:58:00-03:00,36.529998779296875,36.66999816894531,36.470001220703125,36.599998474121094,1684200,0,0
2021-06-08 12:59:00-03:00,36.59000015258789,36.61000061035156,36.56999969482422,36.58000183105469,20600,0,0
2021-06-08 13:00:00-03:00,36.56999969482422,36.63999938964844,36.56999969482422,36.619998931884766,26700,0,0
2021-06-08 13:01:00-03:00,36.630001068115234,36.630001068115234,36.529998779296875,36.529998779296875,19500,0,0
2021-06-08 13:02:00-03:00,36.529998779296875,36.529998779296875,36.45000076293945,36.470001220703125,76200,0,0
2021-06-08 13:03:00-03:00,36.4900016784668,36.560001373291016,36.47999954223633,36.52000045776367,45300,0,0
2021-06-08 13:04:00-03:00,36.52000045776367,36.529998779296875,36.5,36.5099983215332,18600,0,0
2021-06-08 13:05:00-03:00,36.5099983215332,36.52000045776367,36.4900016784668,36.5,23500,0,0
2021-06-08 13:06:00-03:00,36.4900016784668,36.5099983215332,36.470001220703125,36.5099983215332,40000,0,0
2021-06-08 13:07:00-03:00,36.5,36.5099983215332,36.47999954223633,36.4900016784668,8600,0,0
2021-06-08 13:08:00-03:00,36.47999954223633,36.5,36.459999084472656,36.459999084472656,11200,0,0
2021-06-08 13:09:00-03:00,36.459999084472656,36.5099983215332,36.459999084472656,36.4900016784668,38700,0,0
2021-06-08 13:10:00-03:00,36.4900016784668,36.4900016784668,36.459999084472656,36.47999954223633,8700,0,0
2021-06-08 13:11:00-03:00,36.47999954223633,36.5099983215332,36.47999954223633,36.5099983215332,12400,0,0
2021-06-08 13:12:00-03:00,36.5099983215332,36.529998779296875,36.47999954223633,36.5,29000,0,0
2021-06-08 13:13:00-03:00,36.4900016784668,36.5099983215332,36.470001220703125,36.470001220703125,19800,0,0
2021-06-08 13:14:00-03:00,36.47999954223633,36.5,36.459999084472656,36.5,20000,0,0
2021-06-08 13:15:00-03:00,36.5,36.52000045776367,36.45000076293945,36.45000076293945,38800,0,0
2021-06-08 13:16:00-03:00,36.459999084472656,36.459999084472656,36.40999984741211,36.41999816894531,32900,0,0
2021-06-08 13:17:00-03:00,36.41999816894531,36.439998626708984,36.40999984741211,36.40999984741211,11200,0,0
2021-06-08 13:18:00-03:00,36.41999816894531,36.45000076293945,36.400001525878906,36.40999984741211,38200,0,0
2021-06-08 13:19:00-03:00,36.41999816894531,36.439998626708984,36.40999984741211,36.439998626708984,21600,0,0
2021-06-08 13:20:00-03:00,36.43000030517578,36.459999084472656,36.43000030517578,36.45000076293945,13800,0,0
2021-06-08 13:21:00-03:00,36.459999084472656,36.47999954223633,36.439998626708984,36.459999084472656,28400,0,0
2021-06-08 13:22:00-03:00,36.470001220703125,36.470001220703125,36.439998626708984,36.45000076293945,18500,0,0
2021-06-08 13:23:00-03:00,36.45000076293945,36.470001220703125,36.45000076293945,36.459999084472656,10000,0,0
2021-06-08 13:24:00-03:00,36.470001220703125,36.5,36.459999084472656,36.47999954223633,35100,0,0
2021-06-08 13:25:00-03:00,36.47999954223633,36.4900016784668,36.45000076293945,36.470001220703125,13900,0,0
2021-06-08 13:26:00-03:00,36.470001220703125,36.47999954223633,36.45000076293945,36.47999954223633,13800,0,0
2021-06-08 13:27:00-03:00,36.470001220703125,36.52000045776367,36.470001220703125,36.52000045776367,34600,0,0
2021-06-08 13:28:00-03:00,36.52000045776367,36.54999923706055,36.4900016784668,36.5,40900,0,0
2021-06-08 13:29:00-03:00,36.5,36.5,36.4900016784668,36.5,10900,0,0
2021-06-08 13:30:00-03:00,36.5,36.5,36.40999984741211,36.43000030517578,72200,0,0
2021-06-08 13:31:00-03:00,36.43000030517578,36.470001220703125,36.41999816894531,36.45000076293945,24700,0,0
2021-06-08 13:32:00-03:00,36.439998626708984,36.459999084472656,36.439998626708984,36.439998626708984,7900,0,0
2021-06-08 13:33:00-03:00,36.459999084472656,36.47999954223633,36.41999816894531,36.45000076293945,56700,0,0
2021-06-08 13:34:00-03:00,36.45000076293945,36.45000076293945,36.43000030517578,36.43000030517578,8800,0,0
2021-06-08 13:35:00-03:00,36.43000030517578,36.43000030517578,36.400001525878906,36.40999984741211,21100,0,0
2021-06-08 13:36:00-03:00,36.40999984741211,36.45000076293945,36.380001068115234,36.380001068115234,30700,0,0
2021-06-08 13:37:00-03:00,36.38999938964844,36.400001525878906,36.38999938964844,36.400001525878906,4000,0,0
2021-06-08 13:38:00-03:00,36.400001525878906,36.41999816894531,36.400001525878906,36.40999984741211,6600,0,0
2021-06-08 13:39:00-03:00,36.41999816894531,36.459999084472656,36.40999984741211,36.439998626708984,34000,0,0
2021-06-08 13:40:00-03:00,36.43000030517578,36.4900016784668,36.43000030517578,36.459999084472656,19300,0,0
2021-06-08 13:41:00-03:00,36.459999084472656,36.459999084472656,36.43000030517578,36.439998626708984,12700,0,0
2021-06-08 13:42:00-03:00,36.439998626708984,36.47999954223633,36.439998626708984,36.439998626708984,28700,0,0
2021-06-08 13:43:00-03:00,36.439998626708984,36.45000076293945,36.41999816894531,36.41999816894531,14400,0,0
2021-06-08 13:44:00-03:00,36.40999984741211,36.43000030517578,36.380001068115234,36.380001068115234,14100,0,0
2021-06-08 13:45:00-03:00,36.38999938964844,36.400001525878906,36.29999923706055,36.29999923706055,68200,0,0
2021-06-08 13:46:00-03:00,36.310001373291016,36.310001373291016,36.2400016784668,36.25,58700,0,0
2021-06-08 13:47:00-03:00,36.25,36.2599983215332,36.22999954223633,36.25,25000,0,0
2021-06-08 13:48:00-03:00,36.2599983215332,36.29999923706055,36.2599983215332,36.29999923706055,38300,0,0
2021-06-08 13:49:00-03:00,36.29999923706055,36.29999923706055,36.290000915527344,36.290000915527344,5100,0,0
2021-06-08 13:50:00-03:00,36.279998779296875,36.279998779296875,36.2599983215332,36.279998779296875,9200,0,0
2021-06-08 13:51:00-03:00,36.279998779296875,36.29999923706055,36.279998779296875,36.29999923706055,31100,0,0
2021-06-08 13:52:00-03:00,36.310001373291016,36.34000015258789,36.29999923706055,36.33000183105469,18100,0,0
2021-06-08 13:53:00-03:00,36.31999969482422,36.33000183105469,36.310001373291016,36.33000183105469,10400,0,0
2021-06-08 13:54:00-03:00,36.34000015258789,36.38999938964844,36.34000015258789,36.36000061035156,68600,0,0
2021-06-08 13:55:00-03:00,36.36000061035156,36.380001068115234,36.36000061035156,36.369998931884766,20800,0,0
2021-06-08 13:56:00-03:00,36.369998931884766,36.380001068115234,36.36000061035156,36.369998931884766,7700,0,0
2021-06-08 13:57:00-03:00,36.369998931884766,36.400001525878906,36.369998931884766,36.380001068115234,81000,0,0
2021-06-08 13:58:00-03:00,36.380001068115234,36.38999938964844,36.349998474121094,36.36000061035156,34700,0,0
2021-06-08 13:59:00-03:00,36.349998474121094,36.369998931884766,36.349998474121094,36.36000061035156,11900,0,0
2021-06-08 14:00:00-03:00,36.349998474121094,36.40999984741211,36.349998474121094,36.38999938964844,47000,0,0
2021-06-08 14:01:00-03:00,36.380001068115234,36.400001525878906,36.36000061035156,36.380001068115234,24000,0,0
2021-06-08 14:02:00-03:00,36.38999938964844,36.38999938964844,36.31999969482422,36.349998474121094,25600,0,0
2021-06-08 14:03:00-03:00,36.349998474121094,36.41999816894531,36.349998474121094,36.380001068115234,34400,0,0
2021-06-08 14:04:00-03:00,36.38999938964844,36.400001525878906,36.38999938964844,36.400001525878906,2400,0,0
2021-06-08 14:05:00-03:00,36.400001525878906,36.400001525878906,36.369998931884766,36.380001068115234,11500,0,0
2021-06-08 14:06:00-03:00,36.38999938964844,36.439998626708984,36.380001068115234,36.400001525878906,52600,0,0
2021-06-08 14:07:00-03:00,36.400001525878906,36.400001525878906,36.380001068115234,36.38999938964844,7300,0,0
2021-06-08 14:08:00-03:00,36.38999938964844,36.41999816894531,36.380001068115234,36.40999984741211,20600,0,0
2021-06-08 14:09:00-03:00,36.41999816894531,36.459999084472656,36.41999816894531,36.45000076293945,33200,0,0
2021-06-08 14:10:00-03:00,36.45000076293945,36.459999084472656,36.439998626708984,36.459999084472656,9400,0,0
2021-06-08 14:11:00-03:00,36.459999084472656,36.459999084472656,36.439998626708984,36.439998626708984,8900,0,0
2021-06-08 14:12:00-03:00,36.439998626708984,36.4900016784668,36.439998626708984,36.459999084472656,37300,0,0
2021-06-08 14:13:00-03:00,36.470001220703125,36.470001220703125,36.459999084472656,36.459999084472656,5500,0,0
2021-06-08 14:14:00-03:00,36.470001220703125,36.470001220703125,36.459999084472656,36.459999084472656,7300,0,0
2021-06-08 14:15:00-03:00,36.470001220703125,36.5,36.459999084472656,36.4900016784668,34600,0,0
2021-06-08 14:16:00-03:00,36.4900016784668,36.4900016784668,36.470001220703125,36.470001220703125,7700,0,0
2021-06-08 14:17:43-03:00,36.47999954223633,36.47999954223633,36.47999954223633,36.47999954223633,0,0,0
